ant
0.849 0.848 0.859 0.903 0.884 0.844 0.86 0.903 0.854 0.911

cass
0.904 0.953 0.973 0.966 0.921 0.939 0.926 0.956 0.956 0.709

commons
0.891 0.891 0.891 0.931 0.932 0.905 0.893 0.906 0.932 0.932

derby
0.92 0.952 0.928 0.933 0.961 0.939 0.918 0.894 0.955 0.955

jmeter
0.978 0.977 0.939 0.954 0.943 0.975 0.962 0.965 0.958 0.964

lucence
0.945 0.939 0.948 0.914 0.945 0.937 0.948 0.947 0.95 0.944

mvn
0.943 0.959 0.934 0.95 0.958 0.894 0.956 0.925 0.94 0.896

phoenix
0.888 0.907 0.844 0.925 0.865 0.858 0.847 0.922 0.82 0.909

tomcat
0.938 0.941 0.968 0.952 0.97 0.944 0.906 0.946 0.961 0.968