ant
0.741 0.741 0.759 1.0 0.796 0.833 0.759 1.0 0.963 0.852

cass
0.829 0.952 0.961 0.947 0.865 0.893 0.871 0.944 0.927 1.0

commons
0.81 0.81 0.81 0.881 0.881 0.833 0.81 0.833 0.881 0.881 

derby
0.86 0.917 0.868 0.876 0.942 0.934 0.851 0.81 0.934 0.934

jmeter
0.979 0.966 0.897 0.938 0.91 0.966 0.945 0.959 0.945 0.952

lucence
0.943 0.923 0.934 0.86 0.938 0.92 0.975 0.964 0.938 0.943

mvn
0.929 0.929 0.893 0.929 0.929 0.964 0.929 0.893 0.893 0.821

phoenix
0.805 0.843 0.732 0.889 0.764 0.752 0.746 0.88 0.7 0.901

tomcat
0.899 0.899 0.969 0.933 0.972 0.936 0.856 0.92 0.963 0.954
