ant
0.007 0.008 0.012 0.177 0.008 0.145 0.008 0.177 0.233 0.021 

cass
0.005 0.045 0.023 0.023 0.016 0.01 0.011 0.032 0.013 0.451

commons
0.009 0.009 0.009 0.012 0.011 0.011 0.005 0.008 0.011 0.011

derby
0.01 0.01 0.003 0.003 0.019 0.057 0.005 0.003 0.023 0.023

jmeter
0.024 0.021 0.015 0.03 0.021 0.015 0.019 0.028 0.028 0.024

lucence
0.054 0.044 0.039 0.024 0.047 0.045 0.077 0.069 0.037 0.056

mvn
0.042 0.008 0.022 0.028 0.01 0.167 0.015 0.041 0.008 0.014

phoenix
0.009 0.019 0.003 0.036 0.004 0.002 0.021 0.033 0.009 0.089

tomcat
0.02 0.013 0.034 0.028 0.032 0.047 0.039 0.04 0.018